32 10 1
0.538 0.279 0.639 0.286 0.926 0.351 0.908 0.874 0.011 0.780 0.261 0.097 0.139 0.816 0.675 0.378 0.632 0.449 0.455 -0.048 0.204 0.436 0.044 0.613 0.805 0.171 -0.048 0.371 0.444 0.054 0.421 0.675 0.857
0.405 0.612 0.104 0.950 0.277 0.668 0.239 0.106 0.546 0.395 0.995 0.920 0.607 0.612 0.961 0.901 0.762 0.030 0.363 0.706 0.716 0.386 0.462 0.249 0.441 0.586 0.378 0.152 0.620 0.411 0.233 0.896 0.462
0.398 0.033 0.171 0.715 0.312 0.689 0.306 0.980 0.938 0.929 0.400 0.547 0.870 0.448 0.440 0.701 0.271 0.768 0.416 0.307 0.588 0.767 0.897 0.341 0.920 0.637 0.595 0.362 0.733 0.782 0.906 0.208 0.187
0.017 0.065 0.541 0.575 0.803 0.273 0.601 0.604 0.490 0.295 0.931 0.573 0.758 0.081 0.270 0.288 0.451 0.630 0.074 0.598 0.630 0.046 0.933 0.833 0.936 0.414 0.478 0.806 0.724 0.580 0.293 0.344 0.570
0.775 0.097 0.201 0.740 0.884 0.310 0.531 0.172 0.534 0.723 0.719 0.009 0.666 0.147 0.802 1.019 0.829 0.934 0.273 0.336 0.674 0.564 0.690 0.136 0.194 0.079 0.194 0.144 0.472 0.738 0.007 0.487 0.328
1.049 0.462 0.024 0.089 0.567 0.384 0.261 0.277 0.513 0.119 0.875 0.230 0.218 0.592 0.977 0.041 0.735 0.358 0.637 -0.030 0.572 0.483 0.459 0.644 0.095 0.135 0.603 0.905 0.120 0.676 0.587 0.418 0.786
5.004 -2.302 -0.921 -2.121 1.273 0.208 1.001 -0.649 0.545 -1.495 0.476 -0.483 1.089 -0.278 -0.764 -1.606 -0.179 -0.043 -0.390 -0.762 -1.429 -1.476 -0.273 0.963 -1.166 -0.228 0.140 -0.643 -1.580 0.548 2.291 6.343 16.737
0.597 0.259 0.506 0.045 0.962 0.337 0.203 0.788 0.345 0.430 0.239 0.995 0.411 0.944 0.807 0.724 0.416 0.523 0.791 0.136 0.588 0.835 0.736 0.704 0.081 0.090 0.693 0.676 0.863 0.149 0.621 0.147 0.580
0.556 0.475 0.132 0.263 0.235 0.790 0.568 0.876 0.349 0.453 0.531 0.858 0.531 0.439 0.064 0.670 0.124 0.343 0.648 0.233 0.744 0.387 0.260 0.830 0.794 0.137 0.186 0.454 0.964 0.394 0.055 0.486 0.257
0.560 0.876 0.268 0.598 0.982 0.660 0.258 0.401 0.890 0.797 0.710 0.171 0.450 0.573 0.051 0.599 0.523 0.686 0.701 0.411 0.447 0.504 0.145 0.531 0.246 0.939 0.154 0.287 0.448 0.990 0.883 0.675 0.108
2.189 -0.228 -0.806 -0.723 -1.134 -0.969 -0.253 16.055 -0.379 -0.414 -0.943
