32 20 1
0.444 0.418 0.782 0.700 0.449 0.881 0.655 0.767 0.901 0.773 0.458 0.465 0.454 0.404 0.565 0.893 0.411 0.636 0.622 0.083 0.963 0.480 0.533 0.527 0.420 0.674 0.512 0.873 0.153 0.345 0.986 0.850 0.018
0.245 0.603 0.281 0.015 0.363 0.458 -0.009 -0.058 0.043 0.890 0.160 0.137 0.709 0.728 0.059 0.368 0.792 0.387 0.151 0.517 -0.190 -0.063 -0.013 -0.024 0.683 0.123 0.362 0.652 0.712 0.645 0.341 0.327 -0.088
0.655 0.500 0.324 0.899 0.300 0.821 0.737 0.599 0.404 0.371 0.472 0.339 0.026 0.772 0.679 0.727 0.536 0.805 0.320 0.403 0.365 0.356 0.881 0.580 0.659 0.545 0.235 0.581 0.208 0.318 0.499 0.629 0.449
0.675 0.667 0.013 0.160 0.658 0.732 0.745 0.425 0.002 0.838 0.908 0.850 0.708 0.951 0.516 0.287 0.925 0.190 0.472 0.037 0.694 0.485 0.321 0.874 0.553 0.838 0.826 0.810 0.560 0.473 0.372 0.521 -0.014
0.274 0.912 0.323 0.864 0.894 0.715 0.918 0.697 0.016 0.959 0.513 0.408 0.385 0.649 0.030 0.011 0.851 0.741 0.674 0.632 0.711 0.713 0.755 0.089 0.172 0.438 0.052 0.944 0.370 0.298 0.232 0.769 0.830
0.485 0.287 0.312 0.244 0.133 0.486 0.441 0.738 0.110 0.269 0.694 0.291 0.399 0.126 0.237 0.647 -0.064 0.251 0.523 0.362 0.023 0.329 -0.033 0.639 0.852 0.670 0.705 0.513 0.197 0.759 0.981 0.637 0.898
0.288 0.377 0.919 0.417 0.286 0.708 0.528 0.673 0.882 0.341 0.602 0.316 0.869 0.658 0.196 0.237 0.144 0.096 0.023 0.309 0.221 0.222 0.690 0.193 0.478 0.076 0.603 0.966 0.696 0.478 0.470 0.530 0.316
0.827 0.979 0.736 0.258 0.784 0.783 0.336 0.836 0.569 0.540 0.291 0.469 0.285 0.791 0.188 0.724 0.889 0.628 0.653 0.167 0.608 0.205 0.374 0.822 0.769 0.017 0.594 0.969 0.260 0.502 0.881 0.633 0.858
0.780 0.564 0.557 0.679 0.526 -0.001 0.799 0.030 0.574 0.755 0.624 0.406 0.922 0.981 0.817 0.197 0.259 0.539 0.714 0.981 0.660 0.491 0.447 0.206 0.409 0.973 0.446 0.980 0.778 0.512 0.793 0.080 0.731
0.734 0.001 0.977 0.724 0.038 0.378 0.399 0.299 0.486 0.424 0.791 0.375 0.332 0.768 0.451 0.448 0.927 0.948 0.943 0.657 0.039 0.261 0.911 0.524 0.151 0.747 0.190 0.438 0.887 0.953 0.292 0.981 0.022
0.204 0.577 0.645 0.552 0.672 0.198 0.173 0.060 0.632 0.701 0.930 0.342 0.700 0.941 0.013 0.762 0.113 0.285 0.408 0.122 0.892 0.279 0.815 0.346 0.414 0.185 0.160 0.034 0.198 0.773 0.128 0.647 0.654
0.090 0.811 0.558 0.706 0.158 0.280 0.841 0.569 0.592 0.068 0.923 0.732 0.421 0.701 0.969 0.063 0.658 0.670 0.905 0.974 0.603 0.589 0.242 0.784 0.001 0.987 0.256 0.797 0.396 0.431 0.135 0.268 0.512
0.547 0.984 0.444 0.669 0.565 0.334 0.408 0.770 0.967 0.938 0.952 0.908 0.980 0.442 0.492 0.971 0.195 0.865 0.119 0.845 0.167 0.195 0.910 0.108 0.898 0.431 0.808 0.674 0.351 0.232 0.713 0.809 0.813
0.981 0.729 0.140 0.258 0.895 0.607 0.092 0.776 0.868 0.452 0.532 0.381 0.426 0.140 0.657 0.529 0.460 0.708 0.816 0.726 0.717 0.968 0.491 0.517 0.898 0.885 0.501 0.594 0.081 0.209 0.348 0.316 0.073
6.720 -1.091 -0.206 -4.002 0.438 0.378 0.770 0.526 -0.686 -0.937 0.006 0.125 1.208 -0.102 0.198 -0.925 0.294 -0.239 -0.127 -0.334 -1.407 2.865 0.014 0.608 -1.085 -1.128 0.716 0.135 -1.669 -0.240 -0.509 4.731 13.871
0.150 0.527 0.974 0.217 0.064 0.495 0.030 0.567 0.396 0.153 0.424 0.079 0.202 0.680 0.957 0.130 0.037 0.867 0.707 0.089 0.565 0.075 0.766 0.110 0.224 0.455 0.214 0.154 0.223 0.960 0.747 0.311 0.847
0.558 0.807 0.057 0.053 0.026 0.930 0.044 0.306 0.521 0.939 0.465 0.690 0.779 0.144 0.442 0.438 0.428 0.512 0.857 0.878 0.395 0.283 0.579 0.255 0.330 0.567 0.784 0.432 0.381 0.205 0.601 0.926 0.738
0.554 0.561 0.567 0.180 0.641 0.883 0.463 0.365 0.804 0.583 0.590 0.663 0.837 0.885 0.279 0.704 0.408 0.889 0.556 0.859 0.786 0.060 0.057 0.338 0.604 0.168 -0.029 0.343 -0.002 0.233 0.369 0.795 0.801
0.924 0.544 0.291 0.665 0.523 0.234 0.105 0.019 0.821 0.785 0.119 0.417 0.177 0.062 0.585 0.253 0.748 0.640 0.803 0.961 0.680 0.726 0.459 0.961 0.043 0.601 0.550 0.879 0.680 0.766 0.838 0.815 0.340
0.317 0.893 0.183 0.718 0.843 0.316 0.394 0.292 0.110 0.632 0.688 -0.039 0.789 0.082 0.556 0.695 0.651 0.391 0.891 0.666 0.270 0.118 0.253 0.865 0.572 0.111 0.104 0.565 0.842 0.380 0.842 0.874 0.455
0.850 -0.326 -0.787 -0.692 -0.556 -0.132 0.165 -0.294 -0.386 -0.415 -0.328 0.350 -0.485 -0.713 -0.416 15.269 -0.399 -0.573 0.052 -0.386 -0.611
