32 10 1
0.565 0.274 0.625 0.264 0.926 0.345 0.908 0.864 0.003 0.767 0.242 0.084 0.120 0.805 0.661 0.371 0.624 0.439 0.452 -0.077 0.194 0.412 0.021 0.598 0.780 0.147 -0.075 0.363 0.436 0.036 0.421 0.675 0.865
0.405 0.614 0.106 0.950 0.276 0.672 0.239 0.106 0.545 0.393 0.994 0.919 0.604 0.613 0.961 0.900 0.762 0.031 0.363 0.705 0.714 0.385 0.465 0.248 0.440 0.586 0.376 0.151 0.621 0.410 0.233 0.896 0.462
0.398 0.035 0.172 0.715 0.312 0.690 0.306 0.980 0.938 0.928 0.400 0.547 0.869 0.449 0.439 0.701 0.271 0.769 0.416 0.305 0.588 0.767 0.898 0.341 0.919 0.637 0.595 0.362 0.733 0.782 0.906 0.208 0.187
0.017 0.067 0.543 0.575 0.801 0.278 0.601 0.603 0.490 0.294 0.931 0.575 0.756 0.081 0.269 0.288 0.450 0.634 0.078 0.597 0.627 0.046 0.935 0.833 0.937 0.416 0.478 0.806 0.726 0.579 0.293 0.343 0.569
0.786 0.132 0.210 0.733 0.877 0.294 0.533 0.145 0.512 0.719 0.727 -0.027 0.636 0.147 0.784 1.024 0.827 0.948 0.302 0.320 0.629 0.543 0.683 0.149 0.180 0.077 0.184 0.141 0.478 0.729 0.008 0.461 0.296
1.063 0.459 0.014 0.076 0.567 0.394 0.261 0.268 0.513 0.111 0.860 0.222 0.194 0.586 0.969 0.033 0.735 0.357 0.636 -0.056 0.564 0.471 0.444 0.627 0.080 0.119 0.580 0.900 0.117 0.663 0.587 0.424 0.800
6.194 -1.804 -0.675 -2.943 0.786 0.523 0.649 1.425 -0.999 -1.328 0.626 -0.265 1.576 -0.789 0.517 -1.772 0.840 -0.426 -0.506 -0.754 -2.139 -1.355 0.016 0.658 -1.460 -1.908 0.382 0.723 -2.531 -0.298 1.723 8.485 18.855
0.598 0.259 0.506 0.043 0.962 0.344 0.203 0.789 0.344 0.426 0.234 0.995 0.407 0.944 0.806 0.721 0.416 0.528 0.793 0.128 0.588 0.834 0.737 0.695 0.079 0.089 0.689 0.675 0.863 0.148 0.621 0.148 0.583
0.557 0.477 0.130 0.261 0.236 0.797 0.568 0.875 0.348 0.451 0.525 0.855 0.524 0.439 0.062 0.667 0.122 0.349 0.653 0.223 0.742 0.386 0.258 0.822 0.791 0.135 0.181 0.454 0.966 0.393 0.055 0.488 0.260
0.578 0.881 0.255 0.585 0.981 0.651 0.257 0.382 0.885 0.794 0.705 0.152 0.428 0.566 0.035 0.598 0.521 0.693 0.708 0.396 0.425 0.484 0.130 0.526 0.232 0.926 0.140 0.283 0.447 0.984 0.881 0.663 0.095
2.308 -0.308 -0.928 -0.842 -1.256 -1.091 -0.343 18.109 -0.507 -0.540 -1.091
