student_mat
5 hidden nodes, 1000 epochs, 0.1 learning rate:
93 7 12 85 0.904 0.930 0.886 0.907
0.904 0.930 0.886 0.907
0.904 0.930 0.886 0.907

5 hidden nodes, 1000 epochs, 0.175 learning rate:
93 14 12 78 0.868 0.869 0.886 0.877
0.868 0.869 0.886 0.877
0.868 0.869 0.886 0.877

5 hidden nodes, 1000 epochs, 0.2 learning rate:
93 14 12 78 0.868 0.869 0.886 0.877
0.868 0.869 0.886 0.877
0.868 0.869 0.886 0.877

10 hidden nodes, 1000 epochs, 0.1 learning rate:
91 8 14 84 0.888 0.919 0.867 0.892
0.888 0.919 0.867 0.892
0.888 0.919 0.867 0.892

10 hidden nodes, 1000 epochs, 0.2 learning rate:
94 8 11 84 0.904 0.922 0.895 0.908
0.904 0.922 0.895 0.908
0.904 0.922 0.895 0.908

10 hidden nodes, 5000 epochs, 0.2 learning rate:
94 8 11 84 0.904 0.922 0.895 0.908
0.904 0.922 0.895 0.908
0.904 0.922 0.895 0.908

20 hidden nodes, 1000 epochs, 0.1 learning rate:
93 13 12 79 0.873 0.877 0.886 0.882
0.873 0.877 0.886 0.882
0.873 0.877 0.886 0.882

20 hidden nodes, 1000 epochs, 0.2 learning rate:
92 10 13 82 0.883 0.902 0.876 0.889
0.883 0.902 0.876 0.889
0.883 0.902 0.876 0.889

20 hidden nodes, 5000 epochs, 0.1 learning rate:
89 10 16 82 0.868 0.899 0.848 0.873
0.868 0.899 0.848 0.873
0.868 0.899 0.848 0.873


student_por
10 hidden nodes, 1000 epochs, 0.2 learning rate:
195 46 22 61 0.790 0.809 0.899 0.852
0.790 0.809 0.899 0.852
0.790 0.809 0.899 0.852
